18	349	373	566
350	374
351	375	568
352	376	569
353	377	570
354	378	571
355	379	572
356	380	573
357	381	574
358	382	575
359	383	576
360	384	577
361	385	578
362	386	579
363	387	580
364	388	581
365	582
1	366	583
36	413	606
37	390	414	607
38	391	415	608
392	416
393	417	610
394	418	611
395	419	612
396	420	613
397	421	614
398	422	615
399	423	616
400	424	617
401	425	618
402	426	619
403	427	620
404	428	621
405	622
19	406	430	623
20	407	624
21	408	625
56	453	646
57	454	647
58	431	455	648
59	432	456	649
60	433	457	650
434	458
435	459	652
436	460	653
437	461	654
438	462	655
439	463	656
440	464	657
441	465	658
442	466	659
443	467	660
444	468	661
445	662
39	446	470	663
40	447	471	664
41	448	665
42	449	666
43	450	667
78	493	686
79	494	687
80	495	688
81	472	496	689
82	473	497	690
83	474	498	691
84	475	499	692
476	500
477	501	694
478	502	695
479	503	696
480	504	697
481	505	698
482	506	699
483	507	700
484	508	701
485	702
61	486	510	703
62	487	511	704
63	488	512	705
64	489	706
65	490	707
66	491	708
67	492	709
102	533	726
103	534	727
104	535	728
105	536	729
106	513	537	730
107	514	538	731
108	515	539	732
109	516	540	733
110	517	541	734
518	542
519	543	736
520	544	737
521	545	738
522	546	739
523	547	740
524	548	741
525	742
85	526	550	743
86	527	551	744
87	528	552	745
88	529	553	746
89	530	747
90	531	748
91	532	749
92	533	750
93	534	751
128	573	766
129	574	767
130	575	768
131	576	769
132	577	770
133	554	578	771
134	555	579	772
135	556	580	773
136	557	581	774
137	558	582	775
138	559	583	776
560	584
561	585	778
562	586	779
563	587	780
564	588	781
565	782
111	566	590	783
112	567	591	784
113	568	592	785
114	569	593	786
115	570	594	787
116	571	788
117	572	789
118	573	790
119	574	791
120	575	792
121	576	793
156	613	806
157	614	807
158	615	808
159	616	809
160	617	810
161	618	811
162	595	619	812
163	596	620	813
164	597	621	814
165	598	622	815
166	599	623	816
167	600	624	817
168	601	625	818
602	626
603	627	820
604	628	821
605	822
139	606	630	823
140	607	631	824
141	608	632	825
142	609	633	826
143	610	634	827
144	611	635	828
145	612	829
146	613	830
147	614	831
148	615	832
149	616	833
150	617	834
151	618	835
186	653	846
187	654	847
188	655	848
189	656	849
190	657	850
191	658	851
192	659	852
193	636	660	853
194	637	661	854
195	638	662	855
196	639	663	856
197	640	664	857
198	641	665	858
199	642	666	859
200	643	667	860
644	668
645	862
169	646	670	863
170	647	671	864
171	648	672	865
172	649	673	866
173	650	674	867
174	651	675	868
175	652	676	869
176	653	870
177	654	871
178	655	872
179	656	873
180	657	874
181	658	875
182	659	876
183	660	877
693	886
219	694	887
220	695	888
221	696	889
222	697	890
223	698	891
224	699	892
225	700	893
226	677	701	894
227	678	702	895
228	679	703	896
229	680	704	897
230	681	705	898
231	682	706	899
232	683	707	900
233	684	708	901
234	685	902
686	710
202	687	711	904
203	688	712	905
204	689	713	906
205	690	714	907
206	691	715	908
207	692	716	909
208	693	717	910
209	694	911
210	695	912
211	696	913
212	697	914
213	698	915
214	699	916
215	700	917
216	701	918
217	702	919
252	733	926
253	734	927
735	928
255	736	929
256	737	930
257	738	931
258	739	932
259	740	933
260	741	934
261	718	742	935
262	719	743	936
263	720	744	937
264	721	745	938
265	722	746	939
266	723	747	940
267	724	748	941
268	725	942
235	269	726	750	943
236	270	727	751	944
728	752
238	729	753	946
239	730	754	947
240	731	755	948
241	732	756	949
242	733	757	950
243	734	758	951
244	735	952
245	736	953
246	737	954
247	738	955
248	739	956
249	740	957
250	741	958
251	742	959
252	743	960
253	744	961
288	773	966
289	774	967
290	775	968
291	776	969
777	970
293	778	971
294	779	972
295	780	973
296	781	974
297	782	975
298	759	783	976
299	760	784	977
300	761	785	978
301	762	786	979
302	763	787	980
303	764	788	981
304	765	982
271	305	766	790	983
272	306	767	791	984
273	307	768	792	985
274	308	769	793	986
770	794
276	771	795	988
277	772	796	989
278	773	797	990
279	774	798	991
280	775	799	992
281	776	993
282	777	994
283	778	995
284	779	996
285	780	997
286	781	998
287	782	999
288	783	1000
289	784	1001
290	785	1002
291	786	1003
326	813	1006
327	814	1007
328	815	1008
329	816	1009
330	817	1010
331	818	1011
819	1012
333	820	1013
334	821	1014
335	822	1015
336	823	1016
337	800	824	1017
338	801	825	1018
339	802	826	1019
340	803	827	1020
341	804	828	1021
342	805	1022
309	343	806	830	1023
310	344	807	831	1024
311	345	808	832	1025
312	346	809	833	1026
313	347	810	834	1027
314	348	811	835	1028
812	836
316	813	837	1030
317	814	838	1031
318	815	839	1032
319	816	840	1033
320	817	1034
321	818	1035
322	819	1036
323	820	1037
324	821	1038
325	822	1039
326	823	1040
327	824	1041
328	825	1042
329	826	1043
330	827	1044
331	828	1045
1	366	853
2	367	854	1046
3	368	855	1047
4	369	856	1048
5	370	857	1049
6	371	858	1050
7	372	859	1051
8	373	860	1052
9	861	1053
10	375	862	1054
11	376	863	1055
12	377	864	1056
13	378	841	865	1057
14	379	842	866	1058
15	380	843	867	1059
16	381	844	868	1060
17	382	845	1061
18	349	383	846	870	1062
350	384	847	871	1063
351	385	848	872	1064
352	386	849	873	1065
353	387	850	874	1066
354	388	851	875	1067
355	389	852	876	1068
1	356	853	877	1069
2	854	878
3	358	855	879	1071
4	359	856	880	1072
5	360	857	881	1073
6	361	858	1074
7	362	859	1075
8	363	860	1076
9	364	861	1077
10	365	862	1078
11	366	863	1079
12	367	864	1080
13	368	865	1081
14	369	866	1082
15	370	867	1083
16	371	868	1084
372	869	1085
20	407	894
21	408	895
22	409	896	1086
23	410	897	1087
24	411	898	1088
25	412	899	1089
26	413	900	1090
27	414	901	1091
28	415	902	1092
29	903	1093
30	417	904	1094
31	418	905	1095
32	419	882	906	1096
33	420	883	907	1097
34	421	884	908	1098
35	422	885	1099
36	423	886	910	1100
37	390	424	887	911	1101
38	391	425	888	912	1102
392	426	889	913	1103
393	427	890	914	1104
394	428	891	915	1105
395	429	892	916	1106
19	396	430	893	917	1107
20	397	894	918	1108
21	398	895	919	1109
22	896	920
23	400	897	921	1111
24	401	898	922	1112
25	402	899	1113
26	403	900	1114
27	404	901	1115
28	405	902	1116
29	406	903	1117
30	407	904	1118
31	408	905	1119
32	409	906	1120
33	410	907	1121
34	411	908	1122
412	909	1123
36	413	910
41	448	935
42	449	936
43	450	937
44	451	938	1124
45	452	939	1125
46	453	940	1126
47	454	941	1127
48	455	942	1128
49	456	943	1129
50	457	944	1130
51	945	1131
52	459	946	1132
53	460	923	947	1133
54	461	924	948	1134
55	462	925	1135
56	463	926	950	1136
57	464	927	951	1137
58	431	465	928	952	1138
59	432	466	929	953	1139
60	433	467	930	954	1140
434	468	931	955	1141
435	469	932	956	1142
39	436	470	933	957	1143
40	437	471	934	958	1144
41	438	935	959	1145
42	439	936	960	1146
43	440	937	961	1147
44	938	962
45	442	939	963	1149
46	443	940	1150
47	444	941	1151
48	445	942	1152
49	446	943	1153
50	447	944	1154
51	448	945	1155
52	449	946	1156
53	450	947	1157
54	451	948	1158
452	949	1159
56	453	950
57	454	951
64	489	976
65	490	977
66	491	978
67	492	979
68	493	980	1160
69	494	981	1161
70	495	982	1162
71	496	983	1163
72	497	984	1164
73	498	985	1165
74	499	986	1166
75	987	1167
76	501	964	988	1168
77	502	965	1169
78	503	966	990	1170
79	504	967	991	1171
80	505	968	992	1172
81	472	506	969	993	1173
82	473	507	970	994	1174
83	474	508	971	995	1175
84	475	509	972	996	1176
61	476	510	973	997	1177
62	477	511	974	998	1178
63	478	512	975	999	1179
64	479	976	1000	1180
65	480	977	1001	1181
66	481	978	1002	1182
67	482	979	1003	1183
68	980	1004
69	484	981	1185
70	485	982	1186
71	486	983	1187
72	487	984	1188
73	488	985	1189
74	489	986	1190
75	490	987	1191
76	491	988	1192
492	989	1193
78	493	990
79	494	991
80	495	992
89	530	1017
90	531	1018
91	532	1019
92	533	1020
93	534	1021
94	535	1022	1194
95	536	1023	1195
96	537	1024	1196
97	538	1025	1197
98	539	1026	1198
99	540	1027	1199
100	541	1028	1200
101	1201
102	543	1006	1030	1202
103	544	1007	1031	1203
104	545	1008	1032	1204
105	546	1009	1033	1205
106	513	547	1010	1034	1206
107	514	548	1011	1035	1207
108	515	549	1012	1036	1208
85	109	516	550	1013	1037	1209
86	110	517	551	1014	1038	1210
87	518	552	1015	1039	1211
88	519	553	1016	1040	1212
89	520	1017	1041	1213
90	521	1018	1042	1214
91	522	1019	1043	1215
92	523	1020	1044	1216
93	524	1021	1045	1217
94	1022
95	526	1023	1219
96	527	1024	1220
97	528	1025	1221
98	529	1026	1222
99	530	1027	1223
100	531	1028	1224
532	1029	1225
102	533	1030
103	534	1031
104	535	1032
105	536	1033
116	571	1057
117	572	1058
118	573	1059
119	574	1060
120	575	1061
121	576	1062
122	577	1063	1226
123	578	1064	1227
124	579	1065	1228
125	580	1066	1229
126	581	1067	1230
127	582	1231
1	128	583	1069	1232
129	1070	1233
3	130	585	1047	1071	1234
4	131	586	1048	1072	1235
5	132	587	1049	1073	1236
6	133	554	588	1050	1074	1237
7	134	555	589	1051	1075	1238
8	111	135	556	590	1052	1076	1239
9	112	136	557	591	1053	1077	1240
10	113	137	558	592	1054	1078	1241
11	114	138	559	593	1055	1079	1242
12	115	560	594	1056	1080	1243
13	116	561	1057	1081	1244
14	117	562	1058	1082	1245
15	118	563	1059	1083	1246
16	119	564	1060	1084	1247
17	120	565	1061	1248
18	121	566	1062	1249
122	1063
123	568	1064	1251
124	569	1065	1252
125	570	1066	1253
126	571	1067	1254
572	1068	1255
128	573	1069
129	574	1070
130	575	1071
131	576	1072
132	577	1073
145	612	1096
146	613	1097
147	614	1098
148	615	1099
149	616	1100
150	617	1101
151	618	1102
152	619	1103	1256
153	620	1104	1257
154	621	1105	1258
155	622	1259
19	156	623	1107	1260
20	157	624	1108	1261
21	158	625	1109	1262
159	1110	1263
23	160	627	1087	1111	1264
24	161	628	1088	1112	1265
25	162	595	629	1089	1113	1266
26	139	163	596	630	1090	1114	1267
27	140	164	597	631	1091	1115	1268
28	141	165	598	632	1092	1116	1269
29	142	166	599	633	1093	1117	1270
30	143	167	600	634	1094	1118	1271
31	144	168	601	635	1095	1119	1272
32	145	602	1096	1120	1273
33	146	603	1097	1121	1274
34	147	604	1098	1122	1275
35	148	605	1099	1276
36	149	606	1100	1277
37	150	607	1101	1278
38	151	608	1102	1279
152	1103
153	610	1104	1281
154	611	1105	1282
612	1106	1283
156	613	1107
157	614	1108
158	615	1109
159	616	1110
160	617	1111
161	618	1112
176	653	1133
177	654	1134
178	655	1135
179	656	1136
180	657	1137
181	658	1138
182	659	1139
183	660	1140
184	661	1141	1284
185	662	1285
39	186	663	1143	1286
40	187	664	1144	1287
41	188	665	1145	1288
42	189	666	1146	1289
43	190	667	1147	1290
191	1148	1291
45	192	669	1125	1149	1292
46	169	193	636	670	1126	1150	1293
47	170	194	637	671	1127	1151	1294
48	171	195	638	672	1128	1152	1295
49	172	196	639	673	1129	1153	1296
50	173	197	640	674	1130	1154	1297
51	174	198	641	675	1131	1155	1298
52	175	199	642	676	1132	1156	1299
53	176	200	643	1133	1157	1300
54	177	644	1134	1158	1301
55	178	645	1135	1302
56	179	646	1136	1303
57	180	647	1137	1304
58	181	648	1138	1305
59	182	649	1139	1306
60	183	650	1140	1307
184	1141
652	1142	1309
186	653	1143
187	654	1144
188	655	1145
189	656	1146
190	657	1147
191	658	1148
192	659	1149
209	694	1168
210	695	1169
211	696	1170
212	697	1171
213	698	1172
214	699	1173
215	700	1174
216	701	1175
217	702
61	218	703	1177	1310
62	219	704	1178	1311
63	220	705	1179	1312
64	221	706	1180	1313
65	222	707	1181	1314
66	223	708	1182	1315
67	224	709	1183	1316
201	225	1184	1317
69	202	226	677	711	1161	1185	1318
70	203	227	678	712	1162	1186	1319
71	204	228	679	713	1163	1187	1320
72	205	229	680	714	1164	1188	1321
73	206	230	681	715	1165	1189	1322
74	207	231	682	716	1166	1190	1323
75	208	232	683	717	1167	1191	1324
76	209	233	684	1168	1192	1325
77	210	234	685	1169	1326
78	211	686	1170	1327
79	212	687	1171	1328
80	213	688	1172	1329
81	214	689	1173	1330
82	215	690	1174	1331
83	216	691	1175	1332
84	692	1176	1333
218	1177
219	694	1178
220	695	1179
221	696	1180
222	697	1181
223	698	1182
224	699	1183
225	700	1184
244	735	1201
245	736	1202
246	737	1203
247	738	1204
248	739	1205
249	740	1206
250	741	1207
251	742
85	252	743	1209
86	253	744	1210
87	254	745	1211	1334
88	255	746	1212	1335
89	256	747	1213	1336
90	257	748	1214	1337
91	258	749	1215	1338
92	235	259	750	1216	1339
93	236	260	751	1217	1340
237	261	718	1218	1341
95	238	262	719	753	1195	1219	1342
96	239	263	720	754	1196	1220	1343
97	240	264	721	755	1197	1221	1344
98	241	265	722	756	1198	1222	1345
99	242	266	723	757	1199	1223	1346
100	243	267	724	758	1200	1224	1347
101	244	268	725	1201	1348
102	245	269	726	1202	1349
103	246	270	727	1203	1350
104	247	728	1204	1351
105	248	729	1205	1352
106	249	730	1206	1353
107	250	731	1207	1354
108	732	1208	1355
109	252	733	1209
110	253	734	1210
254	1211
255	736	1212
256	737	1213
257	738	1214
258	739	1215
259	740	1216
260	741	1217
281	776	1232
282	777	1233
283	778	1234
284	779	1235
285	780	1236
286	781	1237
287	782
111	288	783	1239
112	289	784	1240
113	290	785	1241
114	291	786	1242
115	292	787	1243	1356
116	293	788	1244	1357
117	294	789	1245	1358
118	271	295	790	1246	1359
119	272	296	791	1247	1360
120	273	297	792	1248	1361
121	274	298	759	793	1249	1362
275	299	760	1250	1363
123	276	300	761	795	1227	1251	1364
124	277	301	762	796	1228	1252	1365
125	278	302	763	797	1229	1253	1366
126	279	303	764	798	1230	1254	1367
127	280	304	765	799	1231	1368
128	281	305	766	1232	1369
129	282	306	767	1233	1370
130	283	307	768	1234	1371
131	284	308	769	1235	1372
132	285	770	1236	1373
133	286	771	1237	1374
134	772	1238	1375
135	288	773	1239
136	289	774	1240
137	290	775	1241
138	291	776	1242
292	1243
293	778	1244
294	779	1245
295	780	1246
296	781	1247
297	782	1248
320	817	1261
321	818	1262
322	819	1263
323	820	1264
324	821	1265
325	822
139	326	823	1267
140	327	824	1268
141	328	825	1269
142	329	826	1270
143	330	827	1271
144	331	828	1272
145	332	829	1273	1376
146	309	333	830	1274	1377
147	310	334	831	1275	1378
148	311	335	832	1276	1379
149	312	336	833	1277	1380
150	313	337	800	834	1278	1381
151	314	338	801	835	1279	1382
315	339	802	1280	1383
153	316	340	803	837	1257	1281	1384
154	317	341	804	838	1258	1282	1385
155	318	342	805	839	1259	1386
156	319	343	806	840	1260	1387
157	320	344	807	1261	1388
158	321	345	808	1262	1389
159	322	346	809	1263	1390
160	323	347	810	1264	1391
161	324	348	811	1265	1392
162	812	1266	1393
163	326	813	1267
164	327	814	1268
165	328	815	1269
166	329	816	1270
167	330	817	1271
168	331	818	1272
332	1273
333	820	1274
334	821	1275
335	822	1276
336	823	1277
361	858	1288
362	859	1289
363	860	1290
364	861	1291
365	862
169	366	863	1293
170	367	864	1294
171	368	865	1295
172	369	866	1296
173	370	867	1297
174	371	868	1298
175	372	869	1299
176	349	373	870	1300
177	350	374	871	1301
178	351	375	872	1302
179	352	376	873	1303
180	353	377	874	1304
181	354	378	841	875	1305
182	355	379	842	876	1306
183	356	380	843	877	1307
357	381	844	1308
185	358	382	845	879	1285
186	359	383	846	880	1286
187	360	384	847	881	1287
188	361	385	848	1288
189	362	386	849	1289
190	363	387	850	1290
191	364	388	851	1291
192	389	852	1292
193	366	853	1293
194	367	854	1294
195	368	855	1295
196	369	856	1296
197	370	857	1297
198	371	858	1298
199	372	859	1299
200	373	860	1300
374	1301
375	862	1302
376	863	1303
377	864	1304
402	899	1313
403	900	1314
404	901	1315
405	902
201	406	903	1317
202	407	904	1318
203	408	905	1319
204	409	906	1320
205	410	907	1321
206	411	908	1322
207	412	909	1323
208	413	910	1324
209	390	414	911	1325
210	391	415	912	1326
211	392	416	913	1327
212	393	417	914	1328
213	394	418	915	1329
214	395	419	882	916	1330
215	396	420	883	917	1331
216	397	421	884	918	1332
217	398	422	885	919
399	423	886
219	400	424	887	921	1311
220	401	425	888	922	1312
221	402	426	889	1313
222	403	427	890	1314
223	404	428	891	1315
224	429	892	1316
225	406	430	893	1317
226	407	894	1318
227	408	895	1319
228	409	896	1320
229	410	897	1321
230	411	898	1322
231	412	899	1323
232	413	900	1324
233	414	901	1325
234	415	902	1326
416	1327
417	904	1328
418	905	1329
443	940	1336
444	941	1337
445	942
235	446	943	1339
236	447	944	1340
237	448	945	1341
238	449	946	1342
239	450	947	1343
240	451	948	1344
241	452	949	1345
242	453	950	1346
243	454	951	1347
244	431	455	952	1348
245	432	456	953	1349
246	433	457	954	1350
247	434	458	955	1351
248	435	459	956	1352
249	436	460	923	957	1353
250	437	461	924	958	1354
251	438	462	925	959
252	439	463	926	960
253	440	464	927	961
441	465	928
255	442	466	929	963	1335
256	443	467	930	1336
257	444	468	931	1337
258	469	932	1338
259	446	470	933	1339
260	447	471	934	1340
261	448	935	1341
262	449	936	1342
263	450	937	1343
264	451	938	1344
265	452	939	1345
266	453	940	1346
267	454	941	1347
268	455	942	1348
269	456	943	1349
270	457	944	1350
458	1351
459	946	1352
484	981	1357
485	982
271	486	983	1359
272	487	984	1360
273	488	985	1361
274	489	986	1362
275	490	987	1363
276	491	988	1364
277	492	989	1365
278	493	990	1366
279	494	991	1367
280	495	992	1368
281	472	496	993	1369
282	473	497	994	1370
283	474	498	995	1371
284	475	499	996	1372
285	476	500	997	1373
286	477	501	964	998	1374
287	478	502	965	999
288	479	503	966	1000
289	480	504	967	1001
290	481	505	968	1002
291	482	506	969	1003
483	507	970
293	484	508	971	1357
294	509	972	1358
295	486	510	973	1359
296	487	511	974	1360
297	488	512	975	1361
298	489	976	1362
299	490	977	1363
300	491	978	1364
301	492	979	1365
302	493	980	1366
303	494	981	1367
304	495	982	1368
305	496	983	1369
306	497	984	1370
307	498	985	1371
308	499	986	1372
500	1373
1022
309	526	1023	1377
310	527	1024	1378
311	528	1025	1379
312	529	1026	1380
313	530	1027	1381
314	531	1028	1382
315	532	1029	1383
316	533	1030	1384
317	534	1031	1385
318	535	1032	1386
319	536	1033	1387
320	513	537	1034	1388
321	514	538	1035	1389
322	515	539	1036	1390
323	516	540	1037	1391
324	517	541	1038	1392
325	518	542	1005	1039
326	519	543	1006	1040
327	520	544	1007	1041
328	521	545	1008	1042
329	522	546	1009	1043
330	523	547	1010	1044
331	524	548	1011	1045
549	1012
333	526	550	1013	1377
334	527	551	1014	1378
335	528	552	1015	1379
336	529	553	1016	1380
337	530	1017	1381
338	531	1018	1382
339	532	1019	1383
340	533	1020	1384
341	534	1021	1385
342	535	1022	1386
343	536	1023	1387
344	537	1024	1388
345	538	1025	1389
346	539	1026	1390
347	540	1027	1391
348	541	1028	1392
350	1063
351	568	1064
352	569	1065
353	570	1066
354	571	1067
355	572	1068
356	573	1069
357	574	1070
358	575	1071
359	576	1072
360	577	1073
361	554	578	1074
362	555	579	1075
363	556	580	1076
364	557	581	1077
365	558	582	1078
366	559	583	1079
367	560	584	1046	1080
368	561	585	1047	1081
369	562	586	1048	1082
370	563	587	1049	1083
371	564	588	1050	1084
372	589	1051	1085
373	566	590	1052
567	591	1053
375	568	592	1054
376	569	593	1055
377	570	594	1056
378	571	1057
379	572	1058
380	573	1059
381	574	1060
382	575	1061
383	576	1062
384	577	1063
385	578	1064
386	579	1065
387	580	1066
388	581	1067
389	1068
392	1103
393	610	1104
394	611	1105
395	612	1106
396	613	1107
397	614	1108
398	615	1109
399	616	1110
400	617	1111
401	618	1112
402	595	619	1113
403	596	620	1114
404	597	621	1115
405	598	622	1116
406	599	623	1117
407	600	624	1118
408	601	625	1119
409	602	626	1086	1120
410	603	627	1087	1121
411	604	628	1088	1122
412	629	1089	1123
413	606	630	1090
414	607	631	1091
415	608	632	1092
609	633	1093
417	610	634	1094
418	611	635	1095
419	612	1096
420	613	1097
421	614	1098
422	615	1099
423	616	1100
424	617	1101
425	618	1102
426	619	1103
427	620	1104
428	621	1105
429	1106
434	1141
435	652	1142
436	653	1143
437	654	1144
438	655	1145
439	656	1146
440	657	1147
441	658	1148
442	659	1149
443	636	660	1150
444	637	661	1151
445	638	662	1152
446	639	663	1153
447	640	664	1154
448	641	665	1155
449	642	666	1156
450	643	667	1157
451	644	668	1124	1158
452	669	1125	1159
453	646	670	1126
454	647	671	1127
455	648	672	1128
456	649	673	1129
457	650	674	1130
651	675	1131
459	652	676	1132
460	653	1133
461	654	1134
462	655	1135
463	656	1136
464	657	1137
465	658	1138
466	659	1139
467	660	1140
468	661	1141
469	1142
476	1177
477	694	1178
478	695	1179
479	696	1180
480	697	1181
481	698	1182
482	699	1183
483	700	1184
484	677	701	1185
485	678	702	1186
486	679	703	1187
487	680	704	1188
488	681	705	1189
489	682	706	1190
490	683	707	1191
491	684	708	1192
492	709	1193
493	686	710	1160
494	687	711	1161
495	688	712	1162
496	689	713	1163
497	690	714	1164
498	691	715	1165
499	692	716	1166
693	717	1167
501	694	1168
502	695	1169
503	696	1170
504	697	1171
505	698	1172
506	699	1173
507	700	1174
508	701	1175
509	1176
518	1211
519	736	1212
520	737	1213
521	738	1214
522	739	1215
523	740	1216
524	741	1217
525	718	742	1218
526	719	743	1219
527	720	744	1220
528	721	745	1221
529	722	746	1222
530	723	747	1223
531	724	748	1224
532	749	1225
533	726	750
534	727	751
535	728	752	1194
536	729	753	1195
537	730	754	1196
538	731	755	1197
539	732	756	1198
540	733	757	1199
541	734	758	1200
735	1201
543	736	1202
544	737	1203
545	738	1204
546	739	1205
547	740	1206
548	741	1207
549	1208
560	1243
561	778	1244
562	779	1245
563	780	1246
564	781	1247
565	782	1248
566	759	783	1249
567	760	784	1250
568	761	785	1251
569	762	786	1252
570	763	787	1253
571	764	788	1254
572	789	1255
573	766	790
574	767	791
575	768	792
576	769	793
577	770	794	1226
578	771	795	1227
579	772	796	1228
580	773	797	1229
581	774	798	1230
582	775	799	1231
583	776	1232
777	1233
585	778	1234
586	779	1235
587	780	1236
588	781	1237
589	1238
602	1273
603	820	1274
604	821	1275
605	822	1276
606	823	1277
607	800	824	1278
608	801	825	1279
609	802	826	1280
610	803	827	1281
611	804	828	1282
612	829	1283
613	806	830
614	807	831
615	808	832
616	809	833
617	810	834
618	811	835
619	812	836	1256
620	813	837	1257
621	814	838	1258
622	815	839	1259
623	816	840	1260
624	817	1261
625	818	1262
819	1263
627	820	1264
628	821	1265
629	1266
644	1301
645	862	1302
646	863	1303
647	864	1304
648	841	865	1305
649	842	866	1306
650	843	867	1307
651	844	868	1308
652	869	1309
653	846	870
654	847	871
655	848	872
656	849	873
657	850	874
658	851	875
659	852	876
660	853	877
661	854	878	1284
662	855	879	1285
663	856	880	1286
664	857	881	1287
665	858	1288
666	859	1289
667	860	1290
861	1291
669	1292
686	1327
687	904	1328
688	905	1329
689	882	906	1330
690	883	907	1331
691	884	908	1332
692	909	1333
693	886	910
694	887	911
695	888	912
696	889	913
697	890	914
698	891	915
699	892	916
700	893	917
701	894	918
702	895	919
703	896	920	1310
704	897	921	1311
705	898	922	1312
706	899	1313
707	900	1314
708	901	1315
709	1316
728	1351
729	946	1352
730	923	947	1353
731	924	948	1354
732	949	1355
733	926	950
734	927	951
735	928	952
736	929	953
737	930	954
738	931	955
739	932	956
740	933	957
741	934	958
742	935	959
743	936	960
744	937	961
745	938	962	1334
746	939	963	1335
747	940	1336
748	941	1337
749	1338
770	1373
771	964	988	1374
772	989	1375
773	966	990
774	967	991
775	968	992
776	969	993
777	970	994
778	971	995
779	972	996
780	973	997
781	974	998
782	975	999
783	976	1000
784	977	1001
785	978	1002
786	979	1003
787	980	1004	1356
788	981	1357
789	1358
812	1393
813	1006	1030
814	1007	1031
815	1008	1032
816	1009	1033
817	1010	1034
818	1011	1035
819	1012	1036
820	1013	1037
821	1014	1038
822	1015	1039
823	1016	1040
824	1017	1041
825	1018	1042
826	1019	1043
827	1020	1044
828	1021	1045
829	1376
